10

data\\MODEL\\00_body.x
data\\MODEL\\01_head.x
data\\MODEL\\02_armR.x
data\\MODEL\\03_handR.x
data\\MODEL\\04_armL.x
data\\MODEL\\05_handL.x
data\\MODEL\\06_legR.x
data\\MODEL\\07_footR.x
data\\MODEL\\08_legL.x
data\\MODEL\\09_footL.x

-1
0.00 0.00 0.00
0.00 0.00 0.00

0
0.00 15.0 0.00
0.00 0.00 0.00

0
-6.00 12.0 0.00
0.00 0.00 0.00

2
-10.0 0.00 0.00
0.00 0.00 0.00

0
6.00 12.0 0.00
0.00 0.00 0.00

4
10.0 0.00 0.00
0.00 0.00 0.00

0
-4.00 0.00 0.00
0.00 0.00 0.00

6
0.00 -10.0 0.00
0.00 0.00 0.00

0
4.00 0.00 0.00
0.00 0.00 0.00

8
0.00 -10.0 0.00
0.00 0.00 0.00



2


1

2


60

0.00 0.00 0.00
0.13 0.00 0.00

0.00 0.00 0.00
-0.10 0.00 0.00

0.00 0.00 0.00
0.00 0.28 0.69

0.00 0.00 0.00
0.00 -0.25 0.00

0.00 0.00 0.00
0.00 -0.28 -0.69

0.00 0.00 0.00
0.00 0.25 0.00

0.00 0.00 0.00
-0.16 0.06 -0.25

0.00 0.00 0.00
0.00 0.00 0.00

0.00 0.00 0.00
-0.16 -0.06 0.25

0.00 0.00 0.00
0.00 0.00 0.00

60

0.00 -1.00 0.00
-0.09 0.00 0.00

0.00 0.00 0.00
-0.06 0.00 0.00

0.00 0.00 0.00
0.00 -0.25 0.95

0.00 0.00 0.00
0.00 -0.53 0.00

0.00 0.00 0.00
0.00 0.25 -0.95

0.00 0.00 0.00
0.00 0.53 0.00

0.00 0.50 0.00
0.12 0.06 -0.22

0.00 0.00 0.00
0.00 -0.18 0.00

0.00 0.50 0.00
0.12 -0.06 0.22

0.00 0.00 0.00
-0.18 0.00 0.00


1

2


8

0.00 0.00 0.00
-0.37 -0.16 0.00

0.00 0.00 0.00
0.09 -0.25 0.00

0.00 0.00 0.00
1.51 0.00 1.09

0.00 0.00 0.00
0.00 -1.09 0.00

0.00 0.00 0.00
-1.51 0.00 -1.09

0.00 0.00 0.00
0.00 1.09 0.00

0.00 0.00 0.00
-1.06 0.00 0.00

0.00 0.00 0.00
-0.97 0.00 0.00

0.00 0.00 0.00
1.16 0.00 0.00

1.16 0.00 0.00
0.00 0.00 0.00

10

0.00 0.00 0.00
-0.37 0.14 0.00

0.00 0.00 0.00
0.10 0.25 0.00

0.00 0.00 0.00
-1.52 0.00 1.09

0.00 0.00 0.00
0.00 -1.09 0.00

0.00 0.00 0.00
1.52 0.00 -1.09

0.00 0.00 0.00
0.00 1.09 0.00

0.00 0.00 0.00
1.16 0.00 0.00

0.00 0.00 0.00
-0.05 0.00 0.00

0.00 0.00 0.00
-1.07 0.00 0.00

0.00 0.00 0.00
-0.92 0.00 0.00